1 agent:
9138 249

global
2 agent:
5060 127
5098 127

3 agent:
3988 87
4002 81
4178 82

4 agent:
2424 69
2910 62
2966 67
3002 65

5 agent:
2160 56
2276 50
2420 56
2426 54
2504 56

6 agent:
1814 53
1844 49
1862 42
1976 35
1978 38
2032 44

7 agent:
1852 41
1954 43
1954 41
1964 31
1972 38
2026 36
2042 33

local
2 agent:
5588 143
5660 149

3 agent:
4742 125
4858 137
4884 137

4 agent:
4530 102
4530 115
4544 99
5278 121

5 agent:
4026 92
4170 110
4204 109
4314 95
5114 112

2974 78
3536 83
4076 91
4686 104
4764 93
5130 103

3520 88
3556 82
3560 83
3580 91
3592 87
3602 78
6182 133

local drops
5506 143
5526 151

4388 89
4390 90
4442 96

2762 71
2790 66
4524 104
4606 91

3282 51
3284 66
4534 78
5022 82
5852 86

3196 51
3196 56
3918 76
4812 72
4900 66
7946 91

3306 42
3430 60
3640 52
4408 91
4548 63
5462 61
5804 54
