7564 403

global
3796 215
3800 205

3572 111
3618 173
3630 131

2570 96
3174 111
3244 69
3264 105

2546 60
2748 34
3026 107
3202 96
3356 105

2410 22
2412 80
2960 42
2968 101
3278 75
3282 83

2298 58
2396 80
2940 98
2948 10
2990 34
3232 59
3262 79

local
3886 222
3890 209

6108 291
6162 254
7246 377

5356 297
5382 150
5430 180
5448 164

3284 149
3286 95
4714 167
6030 205
7170 243

3302 151
3954 126
4158 128
4168 135
4938 150
5730 161

3220 98
3246 99
3262 109
3680 108
3940 119
4028 95
5000 169

local drops
5096 261
5120 161

4084 156
4086 105
4152 214

3594 143
3596 48
3604 103
3620 182

3836 82
4788 103
4824 133
5558 168
6034 158

3742 185
3770 114
3774 69
3790 36
3802 85
3806 86

3526 44
3552 57
3676 43
3940 54
4552 172
4624 127
6498 205

