1 agent:
10792 273

global:
5424 129
5476 144

3864 99
4142 83
4172 100

3598 81
3600 92
3660 65
3780 52

3248 80
3258 53
3392 43
3414 51
3486 68

3102 47
3104 37
3156 47
3208 41
3350 68
3394 61

3118 38
3120 41
3140 36
3168 39
3170 40
3172 51
3190 53


local:
7936 204
7962 187

5346 98
8490 200
8814 168

4978 128
5316 121
5384 121
6772 137

5524 145
5546 129
5546 136
5554 135
5556 119

3820 98
3960 77
3960 63
4852 103
5990 112
6754 132

4028 86
4044 76
4044 74
4044 72
4058 102
4116 87
8172 161

local drops:
5878 147
5898 145

5854 134
5926 95
7900 117

4936 83
5020 96
6426 125
8940 138

4850 69
4902 63
4908 85
7484 125
7522 152

5018 68
5038 71
6718 62
7226 134
7260 116
7268 79

4266 90
4326 74
4346 81
5426 70
5876 102
9492 110
9492 105