1 agent:
11730 334

global
2 agent:
6932 159
6932 176

3 agent:
4684 107
4712 134
4712 97

4364 84
4364 87
4404 125
4462 51

5 agent:
3840 79
3848 52
3898 93
3940 55
3980 83

6 agent:
3128 75
3172 40
3178 51
3590 37
3800 80
3802 89

7 agent:
3218 35
3242 61
3260 54
3260 37
3594 77
3624 57
3638 66


local
2 agent:
10540 314
10564 324

3 agent:
7442 209
7462 166
10730 304

4 agent:
7120 121
9394 265
9886 236
9912 231

5 agent:
4328 103
4358 105
4372 104
4382 116
4386 108

6 agent:
4470 76
4476 124
4492 98
6062 153
6078 106
7626 159

7 agent:
4054 88
4070 91
4170 80
4184 79
6774 98
6810 137
7938 147


local drops
2 agent:
8740 174
8742 164

3 agent:
7604 143
7768 190
15794 317

4 agent:
4908 114
4912 72
4930 96
4968 151

5 agent:
4928 72
4930 80
4946 74
9446 188
11202 204

6 agent:
4028 89
4064 64
4070 57
4070 86
4104 45
4108 106

7 agent:
4654 62
5450 107
5464 92
5476 117
5834 71
6554 75
15994 224
